timestamp,epoch,shard,train_loss,val_accuracy
2026-08-04T15:12:17,0,81,0.103403,99.2188
2026-08-04T15:23:28,0,82,0.081108,99.3281
2026-08-04T15:32:16,0,83,0.085647,99.2656
2026-08-04T15:39:38,0,84,0.082384,99.2812
2026-08-04T15:45:52,0,85,0.127514,99.2188
2026-08-04T15:52:57,0,86,0.130875,99.3281
2026-08-04T16:00:08,0,87,0.083405,99.2812
2026-08-04T16:06:32,0,88,0.096900,99.2969
2026-08-04T16:12:48,0,89,0.115523,99.3750
2026-08-04T16:20:06,0,90,0.059988,99.3438
2026-08-04T16:26:11,0,91,0.074275,99.4375
2026-08-04T16:32:21,0,92,0.069017,99.4062
2026-08-04T16:38:04,0,93,0.081759,99.3594
2026-08-04T16:44:24,0,94,0.104480,99.4062
2026-08-04T16:49:27,0,95,0.077555,99.2656
2026-08-04T16:54:38,0,96,0.054135,99.3125
2026-08-04T17:01:02,0,97,0.059488,99.2656
2026-08-04T17:08:01,0,98,0.073454,99.4062
2026-08-04T17:13:49,0,99,0.052875,99.3281
2026-08-04T17:19:58,0,100,0.080914,99.4375
2026-08-04T17:26:33,0,101,0.103732,99.3125
2026-08-04T17:32:29,0,102,0.055227,99.4219
2026-08-04T17:38:21,0,103,0.079682,99.5000
2026-08-04T17:44:46,0,104,0.059398,99.4688
2026-08-04T17:50:43,0,105,0.103640,99.5156
2026-08-04T17:57:10,0,106,0.061985,99.5000
2026-08-04T18:03:34,0,107,0.069097,99.4531
2026-08-04T18:10:05,0,108,0.077617,99.3281
2026-08-04T18:15:47,0,109,0.064753,99.5625
2026-08-04T18:21:52,0,110,0.097912,99.4844
2026-08-04T18:27:11,0,111,0.052605,99.4219
2026-08-04T18:31:50,0,112,0.094924,99.4844
2026-08-04T18:36:58,0,113,0.047980,99.4531
2026-08-04T18:43:12,0,114,0.059652,99.5469
2026-08-04T18:48:04,0,115,0.049712,99.5000
2026-08-04T18:54:01,0,116,0.032516,99.4844
2026-08-04T18:59:22,0,117,0.035399,99.5000
2026-08-04T19:05:05,0,118,0.064872,99.4844
2026-08-04T19:12:16,0,119,0.041667,99.5000
2026-08-04T19:17:13,0,120,0.081525,99.4688
2026-08-04T19:23:31,0,121,0.046412,99.5156
2026-08-04T19:29:49,0,122,0.093969,99.4375
2026-08-04T19:36:23,0,123,0.048860,99.5000
2026-08-04T19:43:37,0,124,0.050771,99.5156
2026-08-04T19:49:41,0,125,0.036614,99.5000
2026-08-04T19:58:17,0,126,0.046663,99.5156
2026-08-04T20:08:15,0,127,0.034916,99.5156
2026-08-04T20:16:56,0,128,0.080210,99.5000
2026-08-04T20:22:36,0,129,0.033383,99.4375
2026-08-04T20:29:10,0,130,0.043960,99.5469
2026-08-04T20:36:33,0,131,0.051448,99.5000
2026-08-04T20:44:27,0,132,0.051817,99.5312
2026-08-04T20:50:29,0,133,0.107828,99.5312
2026-08-04T20:56:08,0,134,0.103911,99.5000
2026-08-04T21:03:49,0,135,0.039313,99.4844
2026-08-04T21:10:13,0,136,0.032313,99.5156
2026-08-04T21:19:59,0,137,0.033133,99.5156
2026-08-04T21:28:13,0,138,0.038046,99.5156
2026-08-04T21:33:20,0,139,0.021739,99.5156
2026-08-04T21:39:48,0,140,0.036221,99.5625
2026-08-04T21:46:06,0,141,0.096036,99.5156
2026-08-04T21:51:28,0,142,0.051370,99.5000
2026-08-04T21:57:38,0,143,0.023301,99.5000
2026-08-04T22:04:13,0,144,0.028884,99.6094
2026-08-04T22:10:07,0,145,0.025865,99.5312
2026-08-04T22:17:44,0,146,0.047101,99.6250
2026-08-04T22:24:02,0,147,0.026957,99.5625
2026-08-04T22:28:44,0,148,0.032030,99.6094
2026-08-04T22:34:18,0,149,0.020257,99.5938
2026-08-04T22:40:25,0,150,0.021272,99.5469
2026-08-04T22:45:23,0,151,0.037476,99.6094
2026-08-04T22:49:55,0,152,0.020525,99.6250
2026-08-04T22:56:13,0,153,0.049879,99.5781
2026-08-04T23:01:13,0,154,0.053527,99.5312
2026-08-04T23:09:59,0,155,0.028104,99.4844
2026-08-04T23:15:47,0,156,0.059488,99.6094
2026-08-04T23:21:53,0,157,0.026551,99.5000
2026-08-04T23:29:04,0,158,0.071454,99.5938
2026-08-04T23:34:44,0,159,0.025579,99.5938
2026-08-04T23:41:11,0,160,0.025390,99.6406
2026-08-04T23:48:03,0,161,0.031398,99.5312
2026-08-04T23:53:09,0,162,0.023075,99.5312
2026-08-05T00:00:12,0,163,0.053047,99.6094
2026-08-05T00:04:49,0,164,0.022592,99.5625
2026-08-05T00:10:07,0,165,0.055639,99.5625
2026-08-05T00:16:23,0,166,0.023551,99.5781
2026-08-05T00:21:53,0,167,0.033502,99.6406
2026-08-05T00:32:51,0,168,0.023874,99.5625
2026-08-05T00:39:10,0,169,0.019247,99.6094
2026-08-05T00:44:01,0,170,0.028865,99.6250
2026-08-05T00:51:08,0,171,0.051859,99.6406
2026-08-05T00:57:45,0,172,0.022704,99.6406
2026-08-05T01:03:48,0,173,0.020722,99.5938
2026-08-05T01:09:31,0,174,0.033080,99.6562
